309.9999999999997
309.9999999999997
309.9999999999997
309.9999999999997
309.9999999999997
297.3260924297682
297.3260924295324
297.3260924296459
297.32609242901776
297.32609243053037
300.71812067200443
300.71812067225585
300.7181206720137
300.71812067275596
300.71812067118367
299.79537724609344
299.7953772460551
299.79537724596923
299.79537724588374
299.795377246469
300.1020959079609
300.1020959076622
300.1020959085981
300.10209590748883
300.10209590799445
309.9999999999997
309.9999999999997
309.9999999999997
309.9999999999997
309.9999999999997
297.3260924292995
297.32609242964617
297.326092429464
297.3260924298847
297.32609242899747
300.7181206724574
300.7181206720745
300.71812067240484
300.71812067185766
300.71812067279706
299.79537724577824
299.79537724621974
299.79537724593433
299.79537724619576
299.79537724585157
300.1020959081851
300.1020959078866
300.1020959078555
300.10209590819164
300.10209590766465
309.9999999999997
309.9999999999997
309.9999999999997
309.9999999999997
309.9999999999997
297.32609242959046
297.32609242950804
297.32609242953606
297.3260924295764
297.3260924295732
300.7181206722245
300.71812067222334
300.7181206721562
300.71812067229206
300.7181206720845
299.7953772461454
299.79537724596037
299.79537724607235
299.7953772460278
299.7953772460035
300.10209590759666
300.1020959081587
300.1020959079483
300.10209590782466
300.1020959083041
309.9999999999997
309.9999999999997
309.9999999999997
309.9999999999997
309.9999999999997
297.32609242998745
297.3260924294601
297.3260924296581
297.3260924294118
297.3260924298289
300.71812067162745
300.7181206724619
300.7181206720506
300.7181206723551
300.71812067196214
299.795377246251
299.79537724592905
299.7953772461443
299.79537724605234
299.7953772461408
300.10209590821194
300.1020959078525
300.10209590804186
300.1020959079593
300.10209590784143
309.9999999999997
309.9999999999997
309.9999999999997
309.9999999999997
309.9999999999997
297.3260924286175
297.3260924298827
297.3260924294309
297.32609242956136
297.326092429399
300.7181206731629
300.71812067176006
300.71812067231133
300.718120672208
300.71812067233805
299.7953772455909
299.7953772461511
299.7953772461374
299.7953772458769
299.79537724608434
300.1020959078585
300.10209590846273
300.10209590732063
300.10209590835706
300.10209590784245
